1 0.1921875 0.80390625 0.1734375 0.290625
1 0.28359375 0.4796875 0.1734375 0.30546875
1 0.1421875 0.1984375 0.16328125 0.30078125
1 0.36796875 0.16953125 0.16796875 0.2953125
1 0.490625 0.5609375 0.1875 0.2859375
1 0.70078125 0.8703125 0.19453125 0.25
1 0.68515625 0.53515625 0.1875 0.2765625
1 0.91015625 0.85546875 0.17578125 0.27890625
1 0.90625 0.55625 0.178125 0.30078125
0 0.85546875 0.1859375 0.09609375 0.23828125
0 0.63359375 0.1359375 0.084375 0.1609375
0 0.384375 0.89296875 0.21640625 0.209375
0 0.45703125 0.7953125 0.23046875 0.27890625
0 0.5046875 0.2390625 0.1390625 0.28125