0 0.853125 0.046875 0.0625 0.09375
0 0.88828125 0.25234375 0.06484375 0.1109375
0 0.9671875 0.66484375 0.05546875 0.1078125
0 0.75859375 0.6921875 0.06484375 0.1109375
0 0.65234375 0.08046875 0.05078125 0.0984375
0 0.6859375 0.2828125 0.05546875 0.1078125
0 0.44453125 0.115625 0.0578125 0.10078125
0 0.4796875 0.32109375 0.05546875 0.103125
0 0.515625 0.52734375 0.06484375 0.11328125
0 0.5484375 0.7328125 0.0578125 0.10078125
0 0.234375 0.15 0.06484375 0.11328125
0 0.2703125 0.3578125 0.06015625 0.10546875
0 0.30859375 0.57109375 0.05546875 0.103125
0 0.3390625 0.77265625 0.053125 0.09375
0 0.365625 0.9625 0.0578125 0.06953125
0 0.0640625 0.39453125 0.06484375 0.10546875
0 0.13359375 0.8109375 0.05546875 0.1078125